啊啊啊啊啊啊啊啊啊啊啊啊啊啊啊啊啊啊啊啊啊啊啊啊啊啊啊啊啊啊啊啊啊啊啊啊啊啊啊啊啊啊啊啊啊
114514
114514
114514
114514
114514
114514
114514
114514
114514
114514
114514
114514
114514
114514
114514
114514
114514
114514
114514
114514
114514
114514
114514
114514
114514
114514
114514
114514
114514
114514
114514
114514
114514
114514
114514
114514
114514
114514
114514
114514
114514
114514
114514
114514
114514
114514
114514
114514
114514
114514
114514
114514
114514
114514
114514
114514
114514
114514
114514
114514
114514
114514
114514
114514
114514
114514
114514
114514
114514
114514
114514
114514
114514
114514
114514
114514
114514
114514
114514
114514
114514
114514
114514
114514
114514
114514
114514
114514
114514
114514
114514
114514
114514
114514
114514
114514
114514
1919810
